1.0000 1.0000 1.0000 1.0000 1.0000 1.0000 1.0000 1.0000 1.0000 1.0000 10.0000 
0.0000 1.0000 2.0000 3.0000 4.0000 5.0000 6.0000 7.0000 8.0000 9.0000 45.0000 
0.0000 0.0000 1.0000 3.0000 6.0000 10.0000 15.0000 21.0000 28.0000 36.0000 120.0000 
0.0000 0.0000 0.0000 1.0000 4.0000 10.0000 20.0000 35.0000 56.0000 84.0000 210.0000 
0.0000 0.0000 0.0000 0.0000 1.0000 5.0000 15.0000 35.0000 70.0000 -368.0000 -242.0000 
0.0000 0.0000 0.0000 0.0000 0.0000 1.0000 6.0000 21.0000 -832.0000 623.0000 -181.0000 
0.0000 0.0000 0.0000 0.0000 0.0000 0.0000 1.0000 -1177.0000 2397.0000 -486.0000 735.0000 
0.0000 0.0000 0.0000 0.0000 0.0000 0.0000 0.0000 -1388661.0000 2833695.0000 -575984.0000 869050.0000 
0.0000 0.0000 0.0000 0.0000 0.0000 0.0000 0.0000 0.0000 -664292.5000 527902.7500 -136389.6250 
0.0000 0.0000 0.0000 0.0000 0.0000 0.0000 0.0000 0.0000 0.0000 -109762.4062 -109762.2109 
